--- GRID ---
1 1 1 1 1 1 1 0 1 0 1 1 1 1 1 1 1
1 0 0 0 1 0 0 0 0 0 0 0 0 1 0 0 1
1 0 1 0 1 0 1 0 1 1 1 1 0 1 1 0 1
1 0 1 0 0 0 0 0 1 0 0 1 0 0 1 0 1
1 0 1 1 1 0 1 0 0 0 0 0 0 0 1 0 1
1 0 0 0 0 0 1 0 1 0 0 0 0 0 0 0 1
1 0 1 1 1 0 0 0 1 0 0 0 0 0 1 0 1
1 0 0 0 0 0 1 1 1 0 1 1 0 1 1 0 1
1 1 1 1 1 0 1 0 0 0 0 0 0 1 0 0 1
1 1 1 1 1 1 1 0 1 0 1 1 1 1 1 1 1

--- PORTALS ---
[{"y": 4, "x": 12, "id": "1"}, {"y": 5, "x": 9, "id": "1"}]

--- DYNAMIC ---
{
  "droplets": [
    {
      "y": 1,
      "x": 1
    }
  ],
  "boxes": [],
  "pearls": [
    {
      "y": 1,
      "x": 12
    },
    {
      "y": 1,
      "x": 14
    },
    {
      "y": 3,
      "x": 10
    },
    {
      "y": 5,
      "x": 3
    },
    {
      "y": 6,
      "x": 6
    },
    {
      "y": 8,
      "x": 14
    }
  ],
  "gates": [
    {
      "y": 4,
      "x": 5,
      "closed": false
    },
    {
      "y": 5,
      "x": 7,
      "closed": false
    },
    {
      "y": 5,
      "x": 14,
      "closed": false
    }
  ],
  "global_direction": "RIGHT"
}
