--- GRID ---
1 1 1 0 0 1 0 0 0 0 1 1 1
1 1 1 0 0 1 1 0 0 0 1 1 1
1 1 1 0 0 0 0 0 0 0 1 1 1
1 1 1 1 1 1 1 1 0 1 1 1 1
1 1 1 1 1 1 0 0 0 0 1 1 1
1 1 1 0 0 0 0 0 1 1 1 1 1
1 1 1 0 1 0 0 1 0 0 1 1 1
1 1 1 0 0 1 0 0 0 0 1 1 1

--- PORTALS ---
[]

--- DYNAMIC ---
{
  "droplets": [
    {
      "y": 5,
      "x": 6
    }
  ],
  "boxes": [],
  "pearls": [
    {
      "y": 0,
      "x": 6
    },
    {
      "y": 3,
      "x": 8
    },
    {
      "y": 5,
      "x": 3
    }
  ],
  "gates": [
    {
      "y": 2,
      "x": 5,
      "closed": false
    },
    {
      "y": 5,
      "x": 4,
      "closed": false
    }
  ]
}
