--- GRID ---
0 0 1 1 1 1 1 1 1 1 1 0
0 1 1 0 0 0 1 0 0 0 1 1
0 1 0 1 0 0 1 0 1 0 0 1
0 1 0 0 0 0 0 0 0 0 0 1
0 1 0 0 0 0 1 0 0 0 0 1
0 1 1 0 0 0 1 0 0 0 1 1
0 0 1 1 1 1 1 1 1 1 1 0

--- PORTALS ---
[]

--- DYNAMIC ---
{
  "droplets": [
    {
      "y": 5,
      "x": 3
    }
  ],
  "boxes": [],
  "pearls": [
    {
      "y": 1,
      "x": 3
    },
    {
      "y": 3,
      "x": 4
    },
    {
      "y": 5,
      "x": 9
    }
  ],
  "gates": [
    {
      "y": 3,
      "x": 6,
      "closed": false
    }
  ],
  "global_direction": "RIGHT"
}
