--- GRID ---
0 0 1 1 1 1 1 1 1 1 1 1 1 0 0
0 1 0 0 0 0 0 0 1 0 0 0 1 0 0
1 0 0 0 0 0 1 0 0 0 1 0 0 1 0
1 0 0 0 0 0 0 1 0 0 0 0 0 0 1
0 1 0 0 0 1 0 0 0 0 0 1 0 1 0
0 0 1 0 0 0 1 0 0 1 0 0 1 0 0
0 0 1 1 1 1 1 1 1 1 1 1 1 0 0

--- PORTALS ---
[]

--- DYNAMIC ---
{
  "droplets": [
    {
      "y": 4,
      "x": 2
    }
  ],
  "boxes": [],
  "pearls": [
    {
      "y": 1,
      "x": 3
    },
    {
      "y": 2,
      "x": 5
    },
    {
      "y": 2,
      "x": 11
    },
    {
      "y": 3,
      "x": 4
    },
    {
      "y": 3,
      "x": 8
    },
    {
      "y": 5,
      "x": 5
    },
    {
      "y": 5,
      "x": 11
    }
  ],
  "gates": []
}
