--- GRID ---
5 0 0 1 3 1 0 0 3 3 3 1 1 1 1
5 0 1 0 0 3 1 0 0 0 0 1 1 1 1
5 0 0 0 0 0 0 0 1 1 0 1 1 1 1
5 0 4 0 0 0 0 0 0 1 3 3 3 1 1
5 0 4 0 0 0 1 0 0 0 0 0 0 4 1
5 0 4 0 0 0 0 0 0 1 2 2 2 1 1
0 0 1 0 5 0 0 2 0 0 0 0 0 0 0
5 0 4 1 1 1 0 0 1 2 2 1 1 1 1

--- PORTALS ---
[]

--- DYNAMIC ---
{
  "droplets": [
    {
      "y": 1,
      "x": 3
    }
  ],
  "boxes": [
    {
      "y": 2,
      "x": 2
    }
  ],
  "pearls": [
    {
      "y": 4,
      "x": 5
    },
    {
      "y": 4,
      "x": 11
    }
  ],
  "gates": [
    {
      "y": 1,
      "x": 1,
      "closed": false
    },
    {
      "y": 5,
      "x": 3,
      "closed": false
    },
    {
      "y": 7,
      "x": 1,
      "closed": false
    }
  ],
  "global_direction": "RIGHT"
}
