--- GRID ---
0 1 1 1 1 1 0 0 0 0
1 0 0 0 0 1 1 0 0 0
1 0 0 0 0 0 1 0 0 0
1 0 0 0 0 1 1 0 0 0
1 0 0 0 0 0 1 0 0 0
1 0 0 0 0 0 1 0 0 0
1 2 0 1 1 0 1 0 0 0
0 1 1 1 1 1 0 0 0 0
0 0 0 0 0 0 0 0 0 0
0 0 0 0 0 0 0 0 0 0

--- PORTALS ---
[{"y": 2, "x": 3, "id": "1"}, {"y": 4, "x": 2, "id": "1"}]

--- DYNAMIC ---
{
  "droplets": [
    {
      "y": 2,
      "x": 1
    }
  ],
  "boxes": [
    {
      "y": 5,
      "x": 3
    }
  ],
  "pearls": [
    {
      "y": 2,
      "x": 5
    },
    {
      "y": 6,
      "x": 5
    }
  ],
  "gates": []
}
