--- GRID ---
1 1 1 1 1 1 1 1 1 1 1 1
0 0 0 0 1 1 1 0 0 0 0 0
0 0 0 0 0 1 0 0 0 0 0 0
0 0 0 0 0 1 0 0 0 0 0 0
0 0 1 0 0 1 0 0 0 0 1 0
0 0 0 0 0 1 1 0 0 0 0 0
0 0 0 0 1 1 1 1 0 0 0 0
1 1 1 1 1 1 1 1 1 1 1 1

--- PORTALS ---
[]

--- DYNAMIC ---
{
  "droplets": [
    {
      "y": 3,
      "x": 2
    }
  ],
  "boxes": [],
  "pearls": [
    {
      "y": 1,
      "x": 2
    },
    {
      "y": 1,
      "x": 7
    },
    {
      "y": 3,
      "x": 6
    },
    {
      "y": 5,
      "x": 4
    }
  ],
  "gates": []
}
