--- GRID ---
0 1 0 0 0 0 0 0 0 0 0 0 9
0 0 0 0 0 0 0 4 1 0 0 0 9
0 0 0 9 9 9 9 9 9 0 0 0 9
0 0 0 9 9 9 9 9 9 0 1 0 9
0 0 0 9 9 9 9 9 9 1 0 0 9
0 0 0 0 0 0 0 0 0 0 0 4 9
1 1 0 0 0 0 0 0 0 0 0 1 9
9 9 9 9 9 9 9 9 9 9 9 9 9

--- PORTALS ---
[]

--- DYNAMIC ---
{
  "droplets": [
    {
      "y": 3,
      "x": 1
    }
  ],
  "boxes": [],
  "pearls": [
    {
      "y": 0,
      "x": 0
    },
    {
      "y": 0,
      "x": 10
    },
    {
      "y": 2,
      "x": 10
    },
    {
      "y": 2,
      "x": 11
    },
    {
      "y": 4,
      "x": 1
    },
    {
      "y": 5,
      "x": 7
    }
  ],
  "gates": [],
  "global_direction": "RIGHT"
}
