--- GRID ---
0 0 1 0 1 0 1 1 1 1 1 1 0 0 0 0 0 0
0 1 1 0 1 0 0 0 1 1 1 0 1 0 0 0 0 0
1 0 0 0 0 0 1 0 1 1 1 0 1 1 0 0 0 0
1 0 1 1 1 0 0 0 1 0 0 0 0 0 1 0 0 0
1 0 0 0 0 0 0 0 1 0 0 0 0 1 1 0 0 0
1 1 1 0 0 0 1 0 1 1 0 0 1 1 0 0 0 0
0 1 1 0 1 0 0 0 1 1 1 0 1 0 0 0 0 0
0 0 1 0 1 0 1 1 1 1 1 1 0 0 0 0 0 0

--- PORTALS ---
[{"y": 4, "x": 5, "id": "1"}, {"y": 3, "x": 11, "id": "1"}]

--- DYNAMIC ---
{
  "droplets": [
    {
      "y": 5,
      "x": 3
    }
  ],
  "boxes": [
    {
      "y": 1,
      "x": 6
    },
    {
      "y": 4,
      "x": 2
    }
  ],
  "pearls": [
    {
      "y": 1,
      "x": 11
    },
    {
      "y": 4,
      "x": 1
    },
    {
      "y": 4,
      "x": 12
    },
    {
      "y": 5,
      "x": 10
    }
  ],
  "gates": [],
  "global_direction": "RIGHT"
}
