--- GRID ---
0 0 1 1 1 1 1 1 1 1 0 0 0
0 1 0 0 0 0 0 0 0 0 1 0 0
0 1 0 0 0 0 0 0 0 0 1 0 0
1 0 0 0 0 0 0 0 0 0 1 1 0
1 5 0 0 0 0 0 0 0 0 0 1 0
1 0 0 0 0 0 0 0 0 1 1 1 0
0 1 1 0 0 1 0 0 1 1 1 0 0
0 0 1 1 1 1 1 1 1 1 0 0 0

--- PORTALS ---
[]

--- DYNAMIC ---
{
  "droplets": [
    {
      "y": 4,
      "x": 6
    }
  ],
  "boxes": [
    {
      "y": 2,
      "x": 2
    },
    {
      "y": 4,
      "x": 8
    }
  ],
  "pearls": [
    {
      "y": 2,
      "x": 8
    },
    {
      "y": 5,
      "x": 1
    },
    {
      "y": 6,
      "x": 4
    }
  ],
  "gates": [],
  "global_direction": "RIGHT"
}
