--- GRID ---
0 1 1 1 1 1 0 1 1 0 0 0 0
0 0 0 1 1 0 0 1 0 1 1 0 1
1 1 0 1 0 0 0 0 0 0 0 0 1
1 1 0 0 0 0 0 0 0 0 0 0 0
0 0 1 1 1 0 0 0 1 1 0 0 0
1 0 0 0 1 1 0 1 1 1 1 0 0
1 1 1 0 0 0 0 0 0 0 1 0 0

--- PORTALS ---
[{"y": 3, "x": 10, "id": "1"}, {"y": 2, "x": 5, "id": "1"}]

--- DYNAMIC ---
{
  "droplets": [
    {
      "y": 4,
      "x": 11
    }
  ],
  "boxes": [],
  "pearls": [
    {
      "y": 1,
      "x": 6
    },
    {
      "y": 4,
      "x": 5
    }
  ],
  "gates": [
    {
      "y": 2,
      "x": 9,
      "closed": false
    }
  ],
  "global_direction": "RIGHT"
}
