--- GRID ---
0 0 1 1 1 1 1 1 1 1 0 1 1 0 0
0 1 1 0 0 0 0 0 0 0 0 0 0 1 0
0 1 1 0 1 1 1 0 1 1 1 1 0 1 0
5 0 0 0 0 0 0 0 0 0 0 0 0 0 4
1 1 0 0 1 0 0 0 1 1 0 1 0 1 1
0 0 0 0 0 0 1 0 0 1 0 0 0 0 0
1 1 0 1 1 1 1 0 0 0 0 0 0 1 1
0 0 1 1 0 0 1 1 1 1 0 1 1 0 0

--- PORTALS ---
[]

--- DYNAMIC ---
{
  "droplets": [
    {
      "y": 5,
      "x": 2
    }
  ],
  "boxes": [
    {
      "y": 3,
      "x": 9
    },
    {
      "y": 3,
      "x": 13
    }
  ],
  "pearls": [
    {
      "y": 3,
      "x": 7
    },
    {
      "y": 6,
      "x": 2
    },
    {
      "y": 7,
      "x": 10
    }
  ],
  "gates": [],
  "global_direction": "RIGHT"
}
