--- GRID ---
0 3 0 0 0 0 0 9 9 9 1 0 0 1 1 9
0 0 0 0 1 0 1 9 9 9 1 0 0 1 1 9
1 0 0 0 0 0 1 9 9 9 1 0 0 1 1 9
1 0 0 0 0 0 0 9 9 9 1 1 0 1 1 9
0 0 0 0 0 1 0 0 0 0 0 0 0 0 0 9
0 2 0 0 0 0 0 9 9 9 1 1 0 1 1 9
0 0 1 1 0 0 0 9 9 9 1 0 0 1 1 9
1 0 0 0 0 0 0 9 9 9 1 0 0 1 1 9

--- PORTALS ---
[{"y": 2, "x": 1, "id": "1"}, {"y": 5, "x": 2, "id": "2"}, {"y": 2, "x": 12, "id": "2"}, {"y": 6, "x": 12, "id": "1"}]

--- DYNAMIC ---
{
  "droplets": [
    {
      "y": 3,
      "x": 2
    }
  ],
  "boxes": [],
  "pearls": [
    {
      "y": 3,
      "x": 12
    },
    {
      "y": 4,
      "x": 11
    },
    {
      "y": 5,
      "x": 12
    }
  ],
  "gates": [
    {
      "y": 4,
      "x": 12,
      "closed": false
    }
  ],
  "global_direction": "RIGHT"
}
