--- GRID ---
0 0 0 0 0 0 0 0 0 1 1 1 1
0 0 1 1 1 0 0 0 0 3 0 1 1
0 0 0 0 1 1 5 0 0 0 0 1 1
0 0 0 0 1 1 5 0 0 0 0 0 0
0 0 0 0 1 1 5 0 0 0 0 1 1
0 0 0 0 0 0 0 0 0 0 0 0 0
0 0 0 0 0 0 0 0 1 1 1 1 1

--- PORTALS ---
[]

--- DYNAMIC ---
{
  "droplets": [
    {
      "y": 3,
      "x": 9
    }
  ],
  "boxes": [],
  "pearls": [
    {
      "y": 0,
      "x": 8
    },
    {
      "y": 3,
      "x": 3
    },
    {
      "y": 3,
      "x": 11
    },
    {
      "y": 5,
      "x": 3
    }
  ],
  "gates": [],
  "global_direction": "RIGHT"
}
