--- GRID ---
9 9 1 1 1 1 1 1 1 1 1 1 9 9
9 9 5 0 0 0 0 0 0 0 0 4 9 9
9 9 0 0 0 0 0 0 1 1 0 0 9 9
0 0 0 0 0 0 0 0 0 1 0 0 0 0
9 9 0 6 0 0 0 0 1 1 0 0 9 9
9 9 0 0 0 1 1 1 0 0 0 1 9 9
9 9 0 0 0 0 0 0 1 0 1 1 9 9

--- PORTALS ---
[]

--- DYNAMIC ---
{
  "droplets": [
    {
      "y": 3,
      "x": 6
    }
  ],
  "boxes": [],
  "pearls": [
    {
      "y": 1,
      "x": 6
    },
    {
      "y": 3,
      "x": 10
    },
    {
      "y": 3,
      "x": 13
    },
    {
      "y": 5,
      "x": 8
    }
  ],
  "gates": [],
  "global_direction": "RIGHT"
}
