--- GRID ---
1 1 1 0 1 1 0 1 1 0 0 0 0 0 1
0 0 0 0 0 0 0 1 1 0 1 0 0 0 0
1 1 0 0 0 0 0 0 0 0 1 1 1 1 0
1 1 0 1 0 0 0 0 1 1 0 0 0 1 1
1 1 0 0 0 0 0 0 0 0 1 0 1 0 0
1 0 0 0 0 0 1 0 0 0 1 0 1 0 0
0 0 0 0 0 0 0 0 0 0 0 0 1 0 0
0 1 1 0 1 0 0 1 1 0 1 0 0 0 1

--- PORTALS ---
[]

--- DYNAMIC ---
{
  "droplets": [
    {
      "y": 4,
      "x": 8
    }
  ],
  "boxes": [
    {
      "y": 1,
      "x": 12
    },
    {
      "y": 4,
      "x": 11
    }
  ],
  "pearls": [
    {
      "y": 1,
      "x": 11
    },
    {
      "y": 3,
      "x": 10
    },
    {
      "y": 3,
      "x": 11
    },
    {
      "y": 3,
      "x": 12
    }
  ],
  "gates": [],
  "global_direction": "RIGHT"
}
