--- GRID ---
1 1 1 1 1 0 1 1 0 1 0 1 1 1 1
0 0 0 1 0 0 8 0 0 8 0 0 0 0 0
8 0 0 0 0 0 0 0 0 0 8 1 0 0 1
1 1 0 0 0 1 1 0 7 0 0 0 1 0 1
0 0 8 0 0 0 0 0 0 0 0 0 0 7 0
1 0 1 1 1 0 0 0 1 0 0 0 1 0 1
1 0 0 0 0 0 8 0 0 1 0 0 0 0 8
1 1 1 1 1 0 1 8 0 1 0 1 1 1 1

--- PORTALS ---
[]

--- DYNAMIC ---
{
  "droplets": [
    {
      "y": 2,
      "x": 2
    }
  ],
  "boxes": [],
  "pearls": [
    {
      "y": 1,
      "x": 5
    },
    {
      "y": 1,
      "x": 8
    },
    {
      "y": 1,
      "x": 10
    },
    {
      "y": 2,
      "x": 9
    },
    {
      "y": 2,
      "x": 13
    }
  ],
  "gates": [],
  "global_direction": "LEFT"
}
