--- GRID ---
1 1 0 1 1 0 1 1 1 1 1 1 1 1 1
1 0 0 0 0 0 0 1 1 1 0 1 3 1 1
1 0 0 0 1 0 0 0 0 1 0 1 0 1 1
1 0 0 0 0 1 0 1 0 0 0 1 7 1 1
1 0 0 0 8 0 0 1 0 0 1 1 0 1 1
1 1 0 0 0 0 0 0 0 0 8 0 0 0 1
1 1 0 0 1 0 1 1 1 1 1 1 0 1 1
1 1 0 1 1 0 1 1 1 1 1 1 1 1 1

--- PORTALS ---
[{"y": 5, "x": 12, "id": "1"}, {"y": 1, "x": 2, "id": "1"}]

--- DYNAMIC ---
{
  "droplets": [
    {
      "y": 5,
      "x": 3
    }
  ],
  "boxes": [
    {
      "y": 2,
      "x": 6
    }
  ],
  "pearls": [
    {
      "y": 1,
      "x": 10
    },
    {
      "y": 5,
      "x": 11
    },
    {
      "y": 5,
      "x": 13
    },
    {
      "y": 6,
      "x": 12
    }
  ],
  "gates": [
    {
      "y": 3,
      "x": 2,
      "closed": false
    }
  ],
  "global_direction": "LEFT"
}
