--- GRID ---
0 0 1 1 1 0 0 0 1 1 0 0
0 1 3 0 0 1 1 1 0 0 1 0
1 1 0 0 1 1 1 1 0 0 1 1
1 1 0 0 0 1 0 0 0 0 1 1
1 1 0 0 0 1 1 1 0 0 1 1
0 1 0 0 0 1 1 1 0 0 1 0
0 0 1 1 1 0 0 0 1 1 0 0

--- PORTALS ---
[{"y": 3, "x": 2, "id": "1"}, {"y": 3, "x": 9, "id": "1"}]

--- DYNAMIC ---
{
  "droplets": [
    {
      "y": 5,
      "x": 8
    }
  ],
  "boxes": [],
  "pearls": [
    {
      "y": 3,
      "x": 3
    },
    {
      "y": 3,
      "x": 6
    },
    {
      "y": 5,
      "x": 4
    }
  ],
  "gates": []
}
