--- GRID ---
1 0 1 1 1 3 1 0 1 1 1 1 1 1 1
1 0 0 7 0 0 0 0 1 0 0 0 0 0 1
1 1 1 1 1 0 0 0 0 0 1 1 1 7 1
1 1 1 0 7 0 0 8 0 0 0 0 0 0 1
1 1 1 0 1 0 0 0 0 0 1 0 1 0 1
1 0 0 0 0 0 0 0 0 0 0 0 1 7 1
1 0 1 0 0 0 1 1 1 2 1 1 0 0 1
1 0 1 1 1 1 1 0 0 0 0 0 0 1 1

--- PORTALS ---
[]

--- DYNAMIC ---
{
  "droplets": [
    {
      "y": 3,
      "x": 12
    }
  ],
  "boxes": [],
  "pearls": [
    {
      "y": 1,
      "x": 9
    },
    {
      "y": 4,
      "x": 8
    },
    {
      "y": 5,
      "x": 4
    }
  ],
  "gates": [],
  "global_direction": "RIGHT"
}
