--- GRID ---
0 1 1 1 0 0 0 0 0 0 0 0 0 0 0
0 1 0 1 0 0 0 0 0 0 0 0 0 0 0
1 1 0 1 1 1 1 1 1 1 1 1 1 0 0
1 8 0 0 0 0 7 0 0 0 0 0 1 0 0
1 1 1 1 1 1 1 1 1 1 1 0 1 0 0
0 0 0 0 0 0 0 0 0 0 1 0 1 0 0
0 0 0 0 0 0 0 0 0 0 1 2 1 0 0
0 0 0 0 0 0 0 0 0 0 1 1 1 0 0
0 0 0 0 0 0 0 0 0 0 0 0 0 0 0

--- PORTALS ---
[]

--- DYNAMIC ---
{
  "droplets": [
    {
      "y": 3,
      "x": 10
    }
  ],
  "boxes": [],
  "pearls": [
    {
      "y": 1,
      "x": 2
    },
    {
      "y": 5,
      "x": 11
    }
  ],
  "gates": [],
  "global_direction": "RIGHT"
}
