--- GRID ---
0 0 0 0 1 0 0 0 0 0 1 1 1
0 1 0 0 0 0 0 0 0 0 0 0 4
0 0 0 0 0 1 1 0 0 0 1 1 1
0 0 0 1 0 1 0 0 0 0 1 1 1
1 0 0 0 1 0 0 0 0 0 0 0 0
0 0 0 0 0 0 0 0 0 0 0 0 0
0 0 0 0 1 1 0 0 0 0 0 0 0
1 1 0 1 1 1 1 1 0 0 0 0 0

--- PORTALS ---
[]

--- DYNAMIC ---
{
  "droplets": [
    {
      "y": 6,
      "x": 1
    }
  ],
  "boxes": [],
  "pearls": [
    {
      "y": 1,
      "x": 8
    },
    {
      "y": 2,
      "x": 2
    },
    {
      "y": 3,
      "x": 4
    },
    {
      "y": 4,
      "x": 1
    },
    {
      "y": 7,
      "x": 8
    }
  ],
  "gates": [
    {
      "y": 1,
      "x": 9,
      "closed": false
    }
  ],
  "global_direction": "RIGHT"
}
