--- GRID ---
0 0 0 0 0 0 0 0 0 0 1 1 1 0 0
0 1 1 1 1 1 1 1 1 1 0 1 1 0 0
1 5 0 0 0 0 0 0 0 4 0 0 0 1 0
1 1 0 0 0 0 0 0 0 1 2 0 0 1 1
0 0 0 0 1 0 0 0 0 0 0 0 0 0 0
1 1 0 0 0 0 0 0 0 0 0 0 1 1 1
0 1 1 1 1 1 1 1 0 0 1 0 1 0 0
0 0 0 0 0 0 0 0 1 1 1 2 1 0 0

--- PORTALS ---
[]

--- DYNAMIC ---
{
  "droplets": [
    {
      "y": 3,
      "x": 6
    }
  ],
  "boxes": [],
  "pearls": [
    {
      "y": 1,
      "x": 10
    },
    {
      "y": 2,
      "x": 3
    },
    {
      "y": 2,
      "x": 5
    },
    {
      "y": 4,
      "x": 6
    }
  ],
  "gates": [],
  "global_direction": "RIGHT"
}
