--- GRID ---
0 0 0 1 1 1 1 1 1 0 0 0
0 0 1 1 0 1 1 0 0 1 0 0
0 1 0 0 0 0 0 7 7 0 1 0
1 1 1 1 0 0 0 0 0 0 0 1
1 0 0 0 0 7 0 0 8 0 1 1
0 1 1 1 0 0 0 0 0 0 1 0
0 0 1 0 0 0 0 7 0 1 0 0
0 0 0 1 1 1 1 1 1 0 0 0

--- PORTALS ---
[]

--- DYNAMIC ---
{
  "droplets": [
    {
      "y": 4,
      "x": 2
    }
  ],
  "boxes": [],
  "pearls": [
    {
      "y": 2,
      "x": 3
    },
    {
      "y": 3,
      "x": 4
    },
    {
      "y": 5,
      "x": 6
    }
  ],
  "gates": [],
  "global_direction": "LEFT"
}
