--- GRID ---
0 0 0 1 1 1 1 1 1 1 0 1 0 0 0
0 0 1 0 0 0 0 0 1 1 0 1 1 0 0
0 1 1 1 0 0 0 0 0 1 0 1 1 1 0
1 0 0 0 0 0 0 0 0 0 0 0 0 1 1
1 0 1 0 0 0 0 0 0 0 1 1 0 1 1
0 1 1 0 0 0 0 0 0 1 0 0 0 1 0
0 0 1 0 0 0 0 0 1 1 0 1 1 0 0
0 0 0 1 1 1 1 1 1 1 0 1 0 0 0

--- PORTALS ---
[]

--- DYNAMIC ---
{
  "droplets": [
    {
      "y": 1,
      "x": 3
    }
  ],
  "boxes": [
    {
      "y": 2,
      "x": 10
    },
    {
      "y": 3,
      "x": 1
    },
    {
      "y": 3,
      "x": 3
    },
    {
      "y": 5,
      "x": 6
    }
  ],
  "pearls": [
    {
      "y": 3,
      "x": 2
    },
    {
      "y": 3,
      "x": 4
    },
    {
      "y": 4,
      "x": 1
    },
    {
      "y": 5,
      "x": 8
    }
  ],
  "gates": [
    {
      "y": 1,
      "x": 4,
      "closed": false
    }
  ],
  "global_direction": "RIGHT"
}
