--- GRID ---
1 1 1 1 1 0 0 1 1 1 1 0 1 1 1
1 0 0 0 0 0 0 0 0 0 1 0 0 0 1
1 1 0 0 0 0 0 0 0 0 0 0 0 0 8
1 1 0 1 1 0 0 0 0 0 0 0 0 0 0
1 0 7 0 0 0 0 0 0 0 0 0 0 0 1
1 1 0 1 1 0 0 0 0 0 1 1 0 1 0
1 1 0 1 1 8 0 0 0 1 1 0 0 1 1
1 1 1 1 1 0 0 8 1 0 1 0 1 1 1

--- PORTALS ---
[]

--- DYNAMIC ---
{
  "droplets": [
    {
      "y": 2,
      "x": 5
    }
  ],
  "boxes": [
    {
      "y": 1,
      "x": 6
    },
    {
      "y": 1,
      "x": 11
    },
    {
      "y": 2,
      "x": 2
    }
  ],
  "pearls": [
    {
      "y": 1,
      "x": 7
    },
    {
      "y": 2,
      "x": 10
    },
    {
      "y": 7,
      "x": 6
    }
  ],
  "gates": [
    {
      "y": 3,
      "x": 2,
      "closed": false
    },
    {
      "y": 4,
      "x": 4,
      "closed": false
    }
  ],
  "global_direction": "LEFT"
}
