--- GRID ---
0 0 1 0 0 9 1 0 0 0 0 1 9
0 1 0 1 0 9 1 0 1 1 0 0 9
1 0 0 0 1 9 0 0 0 0 1 0 9
0 1 0 1 0 9 1 1 1 0 0 0 9
0 0 1 0 0 9 0 1 1 0 1 0 9
0 0 0 0 0 9 0 0 0 0 0 0 9
0 0 0 0 0 9 2 0 0 0 0 0 9
0 0 0 0 0 9 0 0 0 0 1 1 9

--- PORTALS ---
[{"y": 5, "x": 9, "id": "1"}, {"y": 2, "x": 2, "id": "1"}]

--- DYNAMIC ---
{
  "droplets": [
    {
      "y": 4,
      "x": 6
    }
  ],
  "boxes": [],
  "pearls": [
    {
      "y": 1,
      "x": 2
    },
    {
      "y": 2,
      "x": 1
    },
    {
      "y": 2,
      "x": 3
    },
    {
      "y": 3,
      "x": 2
    }
  ],
  "gates": [
    {
      "y": 0,
      "x": 8,
      "closed": false
    }
  ],
  "global_direction": "RIGHT"
}
