--- GRID ---
1 0 1 1 1 1 1 1 1 0 1 1 1 9
1 0 1 0 0 0 0 0 0 0 0 0 1 1
1 0 0 0 0 1 1 1 1 0 0 0 0 1
1 0 0 0 0 1 0 0 0 1 0 0 0 1
0 0 0 0 0 1 0 0 0 0 0 0 0 0
1 0 0 0 0 1 1 1 1 0 0 0 1 1
1 1 1 1 0 0 0 0 0 0 1 1 1 1
1 1 1 1 1 1 1 1 1 0 1 1 1 9

--- PORTALS ---
[{"y": 4, "x": 7, "id": "1"}, {"y": 2, "x": 2, "id": "1"}]

--- DYNAMIC ---
{
  "droplets": [
    {
      "y": 3,
      "x": 6
    }
  ],
  "boxes": [
    {
      "y": 1,
      "x": 1
    },
    {
      "y": 2,
      "x": 10
    }
  ],
  "pearls": [
    {
      "y": 0,
      "x": 1
    },
    {
      "y": 2,
      "x": 12
    },
    {
      "y": 5,
      "x": 11
    }
  ],
  "gates": [
    {
      "y": 4,
      "x": 9,
      "closed": false
    }
  ],
  "global_direction": "RIGHT"
}
