--- GRID ---
0 0 0 0 0 1 9 9 9 9 9 9 9
0 1 0 7 1 0 9 9 9 9 9 9 9
1 1 0 0 7 0 9 9 0 7 0 8 9
0 0 0 1 0 1 9 0 0 0 0 0 9
0 0 1 0 0 1 9 8 0 0 0 0 9
0 0 0 0 1 9 9 8 0 0 0 0 9
9 9 9 9 9 9 9 8 0 0 8 0 9
9 9 9 9 9 9 9 0 8 0 1 0 9
9 9 9 9 9 9 9 9 9 9 9 9 9

--- PORTALS ---
[{"y": 2, "x": 2, "id": "1"}, {"y": 4, "x": 11, "id": "1"}]

--- DYNAMIC ---
{
  "droplets": [
    {
      "y": 4,
      "x": 1
    }
  ],
  "boxes": [],
  "pearls": [
    {
      "y": 3,
      "x": 7
    },
    {
      "y": 3,
      "x": 11
    },
    {
      "y": 7,
      "x": 9
    }
  ],
  "gates": [],
  "global_direction": "RIGHT"
}
