--- GRID ---
9 9 9 9 9 9 9 0 0 0 0 0 0 0
9 0 1 0 0 0 9 9 9 9 9 9 9 9
9 0 0 0 0 1 9 9 0 1 1 0 1 9
9 1 0 0 0 0 9 9 0 0 0 5 0 9
9 0 0 0 1 0 9 9 0 1 0 0 1 9
9 0 0 0 0 0 0 0 0 0 0 1 0 9
9 0 0 1 0 0 9 9 0 0 0 1 0 9
9 9 9 9 9 9 9 9 0 1 0 1 1 9
0 0 0 0 0 0 0 9 1 0 6 1 1 9
0 0 0 0 0 0 0 9 9 9 9 9 9 9

--- PORTALS ---
[]

--- DYNAMIC ---
{
  "droplets": [
    {
      "y": 2,
      "x": 2
    }
  ],
  "boxes": [],
  "pearls": [
    {
      "y": 1,
      "x": 5
    },
    {
      "y": 3,
      "x": 9
    },
    {
      "y": 5,
      "x": 6
    },
    {
      "y": 6,
      "x": 10
    }
  ],
  "gates": [
    {
      "y": 5,
      "x": 7,
      "closed": false
    }
  ],
  "global_direction": "RIGHT"
}
