--- GRID ---
1 0 1 0 1 0 1 0 1 0 0 0 0 0 3
0 0 3 0 0 0 1 0 1 0 5 0 0 3 0
0 0 0 0 5 0 0 1 0 0 6 0 0 0 0
0 0 0 0 0 3 0 1 0 4 6 6 5 0 4
0 3 0 0 3 0 0 1 0 0 0 0 0 0 3
0 0 0 2 0 0 0 1 1 0 0 0 0 0 0
6 0 1 0 0 0 1 1 1 0 0 5 0 2 0
0 0 1 0 0 0 0 0 1 1 0 1 0 0 0
1 0 1 0 1 0 1 0 1 1 0 1 0 0 1

--- PORTALS ---
[]

--- DYNAMIC ---
{
  "droplets": [
    {
      "y": 5,
      "x": 12
    }
  ],
  "boxes": [],
  "pearls": [
    {
      "y": 1,
      "x": 7
    },
    {
      "y": 1,
      "x": 9
    },
    {
      "y": 3,
      "x": 4
    },
    {
      "y": 4,
      "x": 3
    }
  ],
  "gates": [],
  "global_direction": "RIGHT"
}
