--- GRID ---
0 0 0 0 1 1 1 1 1 1 0
0 0 0 1 3 0 0 0 0 0 1
0 0 0 1 0 0 0 0 0 0 1
0 1 1 0 0 0 0 0 0 0 1
1 5 0 0 0 0 0 0 1 1 0
1 0 0 0 0 0 0 1 0 0 0
1 0 0 0 0 0 0 1 0 0 0
0 1 1 1 1 1 1 0 0 0 0

--- PORTALS ---
[]

--- DYNAMIC ---
{
  "droplets": [
    {
      "y": 4,
      "x": 4
    }
  ],
  "boxes": [],
  "pearls": [
    {
      "y": 3,
      "x": 3
    },
    {
      "y": 3,
      "x": 5
    },
    {
      "y": 5,
      "x": 3
    },
    {
      "y": 5,
      "x": 5
    }
  ],
  "gates": [],
  "global_direction": "RIGHT"
}
